"Study2.Age" "Study2.DailyRate" "Study2.DistanceFromHome" "Study2.Education" "Study2.EmployeeNumber" "Study2.EnvironmentSatisfaction" "Study2.HourlyRate" "Study2.JobLevel" "Study2.JobSatisfaction" "Study2.MonthlyIncome" "Study2.MonthlyRate" "Study2.NumCompaniesWorked" "Study2.PercentSalaryHike" "Study2.RelationshipSatisfaction" "Study2.StockOptionLevel" "Study2.TotalWorkingYears" "Study2.TrainingTimesLastYear" "Study2.WorkLifeBalance" "Study2.YearsAtCompany" "Study2.YearsInCurrentRole" "Study2.YearsSinceLastPromotion" "Study2.YearsWithCurrManager"
"1" 0 0.682972245388092 0.94849895370232 7.77685991630467e-16 0.697526057769851 0.697498825509602 0.35210955544344 5.71794679422898e-98 0.85134782730183 6.66953920300097e-93 0.282466705773388 7.11308371491959e-32 0.889295507430827 0.040142667007144 0.150596830255221 2.16471857716091e-200 0.452227893447006 0.410317920139308 2.12846962552648e-34 1.57639020573808e-16 4.70097342402784e-17 5.18062844527765e-15
"2" 0.682972245388092 0 0.84854180366472 0.519662521592958 0.0506289749026343 0.481933406777984 0.370350451136335 0.909527538996811 0.241443319502889 0.767805875501696 0.217526888391292 0.14371032181021 0.384385788477918 0.763742337895379 0.10628422385789 0.578170265963659 0.925147239942601 0.146946609178164 0.19191079472394 0.70358568669539 0.202916446173159 0.312449667645095
"3" 0.94849895370232 0.84854180366472 0 0.420151324107062 0.20719994832585 0.53799165247007 0.232932651653808 0.839026985256234 0.888228428093525 0.514507030589229 0.292511457049191 0.262382133793843 0.123083368801557 0.801654690080222 0.0854649521081299 0.859267629906417 0.156873612581884 0.308922347221523 0.715686549536744 0.470308217311527 0.700834705993358 0.581020281625131
"4" 7.77685991630467e-16 0.519662521592958 0.420151324107062 0 0.106889404309086 0.298608641468049 0.520448147019326 9.54953214548392e-05 0.665200007611254 0.000266362445117137 0.317599741102312 1.18336780521899e-06 0.670362421477564 0.726853810425411 0.480326433026712 1.1172472212227e-08 0.336205027907112 0.706796303467927 0.00803073078275828 0.0209103786040531 0.0375342460835086 0.00807500548913339
"5" 0.697526057769851 0.0506289749026343 0.20719994832585 0.106889404309086 0 0.499631628489716 0.177638683336892 0.478018313066577 0.0763005396483961 0.569979642472337 0.627997514597393 0.961776406664332 0.619979864441889 0.00737272041681333 0.0170285619955269 0.582093122268771 0.365828213386829 0.692906686019635 0.666749875038738 0.747136439945888 0.729711736880243 0.724604136381053
"6" 0.697498825509602 0.481933406777984 0.53799165247007 0.298608641468049 0.499631628489716 0 0.0559908295982178 0.962977284859261 0.794942666859467 0.810504490918972 0.149620146831868 0.629463574071128 0.224475370064987 0.76902570975931 0.895396111563789 0.91783104155024 0.458278097206681 0.289805917533183 0.955472638080534 0.490266468293542 0.535004522260729 0.848140083856439
"7" 0.35210955544344 0.370350451136335 0.232932651653808 0.520448147019326 0.177638683336892 0.0559908295982178 0 0.285873678496279 0.00621588255660759 0.545122267610368 0.557860991461274 0.395942897839014 0.728476101464274 0.959351848715092 0.0540162363591022 0.92876504039664 0.743327254505193 0.859905327779198 0.453131988505656 0.35569752157399 0.306023114756659 0.440732487756782
"8" 5.71794679422898e-98 0.909527538996811 0.839026985256234 9.54953214548392e-05 0.478018313066577 0.962977284859261 0.285873678496279 0 0.940644712741272 0 0.129476451130008 4.08929202132992e-08 0.183236422233099 0.407025586485366 0.592151159461132 5.64252846763148e-304 0.485865004567947 0.147270782266739 1.69223839380525e-109 1.96547098765085e-54 1.30600803627477e-44 2.26137162563473e-50
"9" 0.85134782730183 0.241443319502889 0.888228428093525 0.665200007611254 0.0763005396483961 0.794942666859467 0.00621588255660759 0.940644712741272 0 0.783958794095102 0.980320458049583 0.0327292150917845 0.443489455078377 0.633297824978772 0.682148924191121 0.439328397302189 0.824783793088047 0.455973048984427 0.884180752491937 0.929644798875696 0.485313178887535 0.289301163889839
"10" 6.66953920300097e-93 0.767805875501696 0.514507030589229 0.000266362445117137 0.569979642472337 0.810504490918972 0.545122267610368 0 0.783958794095102 0 0.182189599247081 8.4099573394944e-09 0.296116202996343 0.321527103768792 0.835886000427004 2.72934761569392e-292 0.40497395668518 0.239721502686121 4.81931378973243e-100 3.1313708083509e-47 2.44008898404151e-42 4.09758843499573e-42
"11" 0.282466705773388 0.217526888391292 0.292511457049191 0.317599741102312 0.627997514597393 0.149620146831868 0.557860991461274 0.129476451130008 0.980320458049583 0.182189599247081 0 0.502055614011726 0.805451792742644 0.875637893729122 0.188434214076157 0.310995983430777 0.955187866124065 0.760322598715199 0.364774026146939 0.623474613943764 0.952138960376256 0.159090695880401
"12" 7.11308371491959e-32 0.14371032181021 0.262382133793843 1.18336780521899e-06 0.961776406664332 0.629463574071128 0.395942897839014 4.08929202132992e-08 0.0327292150917845 8.4099573394944e-09 0.502055614011726 0 0.694896360130945 0.0432277977388348 0.249160484049807 2.55721388285831e-20 0.0113038116174144 0.748606037620162 5.30102083297428e-06 0.00049436817696061 0.158320273540649 2.24471006011132e-05
"13" 0.889295507430827 0.384385788477918 0.123083368801557 0.670362421477564 0.619979864441889 0.224475370064987 0.728476101464274 0.183236422233099 0.443489455078377 0.296116202996343 0.805451792742644 0.694896360130945 0 0.120727106691967 0.773058342939903 0.429788840049851 0.841474547419303 0.900019657047994 0.167833463764678 0.953566097493654 0.395997724894366 0.646128640369565
"14" 0.040142667007144 0.763742337895379 0.801654690080222 0.726853810425411 0.00737272041681333 0.76902570975931 0.959351848715092 0.407025586485366 0.633297824978772 0.321527103768792 0.875637893729122 0.0432277977388348 0.120727106691967 0 0.078191570584291 0.356735024741546 0.923808884866555 0.452606292244332 0.458104449378849 0.562345475820049 0.199355614717722 0.973489544880827
"15" 0.150596830255221 0.10628422385789 0.0854649521081299 0.480326433026712 0.0170285619955269 0.895396111563789 0.0540162363591022 0.592151159461132 0.682148924191121 0.835886000427004 0.188434214076157 0.249160484049807 0.773058342939903 0.078191570584291 0 0.697795281001838 0.665813822081402 0.874327638814404 0.564024352575231 0.0514164116243491 0.582435091750558 0.344004205715185
"16" 2.16471857716091e-200 0.578170265963659 0.859267629906417 1.1172472212227e-08 0.582093122268771 0.91783104155024 0.92876504039664 5.64252846763148e-304 0.439328397302189 2.72934761569392e-292 0.310995983430777 2.55721388285831e-20 0.429788840049851 0.356735024741546 0.697795281001838 0 0.171764252006773 0.969208615240544 3.67109391670439e-162 5.37779128195532e-78 4.40052300626885e-59 1.47544062915655e-77
"17" 0.452227893447006 0.925147239942601 0.156873612581884 0.336205027907112 0.365828213386829 0.458278097206681 0.743327254505193 0.485865004567947 0.824783793088047 0.40497395668518 0.955187866124065 0.0113038116174144 0.841474547419303 0.923808884866555 0.665813822081402 0.171764252006773 0 0.282105722239264 0.891261012451352 0.826031657292509 0.936901484861729 0.875330027729457
"18" 0.410317920139308 0.146946609178164 0.308922347221523 0.706796303467927 0.692906686019635 0.289805917533183 0.859905327779198 0.147270782266739 0.455973048984427 0.239721502686121 0.760322598715199 0.748606037620162 0.900019657047994 0.452606292244332 0.874327638814404 0.969208615240544 0.282105722239264 0 0.643271906307351 0.0559930894785894 0.731953655537691 0.915813447308465
"19" 2.12846962552648e-34 0.19191079472394 0.715686549536744 0.00803073078275828 0.666749875038738 0.955472638080534 0.453131988505656 1.69223839380525e-109 0.884180752491937 4.81931378973243e-100 0.364774026146939 5.30102083297428e-06 0.167833463764678 0.458104449378849 0.564024352575231 3.67109391670439e-162 0.891261012451352 0.643271906307351 0 1.39558435050693e-275 7.77429646856697e-156 7.95569200473605e-288
"20" 1.57639020573808e-16 0.70358568669539 0.470308217311527 0.0209103786040531 0.747136439945888 0.490266468293542 0.35569752157399 1.96547098765085e-54 0.929644798875696 3.1313708083509e-47 0.623474613943764 0.00049436817696061 0.953566097493654 0.562345475820049 0.0514164116243491 5.37779128195532e-78 0.826031657292509 0.0559930894785894 1.39558435050693e-275 0 5.1808038198017e-116 7.27648618818153e-230
"21" 4.70097342402784e-17 0.202916446173159 0.700834705993358 0.0375342460835086 0.729711736880243 0.535004522260729 0.306023114756659 1.30600803627477e-44 0.485313178887535 2.44008898404151e-42 0.952138960376256 0.158320273540649 0.395997724894366 0.199355614717722 0.582435091750558 4.40052300626885e-59 0.936901484861729 0.731953655537691 7.77429646856697e-156 5.1808038198017e-116 0 3.05208151251414e-98
"22" 5.18062844527765e-15 0.312449667645095 0.581020281625131 0.00807500548913339 0.724604136381053 0.848140083856439 0.440732487756782 2.26137162563473e-50 0.289301163889839 4.09758843499573e-42 0.159090695880401 2.24471006011132e-05 0.646128640369565 0.973489544880827 0.344004205715185 1.47544062915655e-77 0.875330027729457 0.915813447308465 7.95569200473605e-288 7.27648618818153e-230 3.05208151251414e-98 0
